208 2
2 0
2 1
208 5
5 3
5 4
208 8
8 6
8 7
208 207
207 10
10 9
207 11
207 24
24 16
16 15
15 13
13 12
15 14
24 23
23 22
22 20
20 17
20 18
20 19
22 21
207 206
206 41
41 40
40 39
39 28
28 25
28 26
28 27
39 38
38 31
31 30
30 29
38 34
34 33
33 32
38 37
37 36
36 35
206 52
52 51
51 50
50 45
45 42
45 43
45 44
50 49
49 48
48 47
47 46
206 60
60 59
59 57
57 56
56 53
56 54
56 55
59 58
206 90
90 89
89 65
65 64
64 61
64 62
64 63
89 66
89 88
88 87
87 86
86 78
78 67
78 68
78 77
77 69
77 76
76 75
75 74
74 73
73 70
73 71
73 72
86 85
85 81
81 80
80 79
85 84
84 83
83 82
206 102
102 101
101 95
95 94
94 91
94 92
94 93
101 96
101 100
100 99
99 98
98 97
206 110
110 109
109 104
104 103
109 105
109 108
108 107
107 106
206 118
118 117
117 115
115 114
114 111
114 112
114 113
117 116
206 202
202 126
126 125
125 124
124 122
122 119
122 120
122 121
124 123
202 201
201 134
134 133
133 131
131 130
130 127
130 128
130 129
133 132
201 142
142 141
141 135
141 136
141 137
141 138
141 139
141 140
201 155
155 154
154 146
146 143
146 144
146 145
154 147
154 153
153 151
151 148
151 149
151 150
153 152
201 173
173 172
172 171
171 156
171 170
170 159
159 158
158 157
170 169
169 168
168 167
167 165
165 160
165 161
165 162
165 163
165 164
167 166
201 184
184 183
183 182
182 177
177 174
177 175
177 176
182 181
181 180
180 179
179 178
201 192
192 191
191 190
190 188
188 185
188 186
188 187
190 189
201 200
200 199
199 198
198 196
196 193
196 194
196 195
198 197
206 205
205 204
204 203
449 211
211 209
211 210
449 214
214 212
214 213
449 217
217 215
217 216
449 448
448 219
219 218
448 220
448 233
233 225
225 224
224 222
222 221
224 223
233 232
232 231
231 229
229 226
229 227
229 228
231 230
448 447
447 247
247 246
246 245
245 237
237 234
237 235
237 236
245 244
244 240
240 239
239 238
244 243
243 242
242 241
447 258
258 257
257 256
256 251
251 248
251 249
251 250
256 255
255 254
254 253
253 252
447 276
276 275
275 260
260 259
275 261
275 274
274 273
273 272
272 267
267 262
267 263
267 264
267 265
267 266
272 271
271 270
270 269
269 268
447 305
305 304
304 278
278 277
304 279
304 303
303 302
302 301
301 293
293 280
293 281
293 292
292 282
292 291
291 290
290 289
289 288
288 283
288 284
288 285
288 286
288 287
301 300
300 296
296 295
295 294
300 299
299 298
298 297
447 317
317 316
316 310
310 309
309 306
309 307
309 308
316 311
316 315
315 314
314 313
313 312
447 325
325 324
324 319
319 318
324 320
324 323
323 322
322 321
447 348
348 347
347 327
327 326
347 328
347 346
346 345
345 344
344 342
342 329
342 330
342 341
341 331
341 340
340 339
339 338
338 337
337 332
337 333
337 334
337 335
337 336
344 343
447 443
443 356
356 355
355 354
354 352
352 349
352 350
352 351
354 353
443 442
442 364
364 363
363 361
361 360
360 357
360 358
360 359
363 362
442 372
372 371
371 365
371 366
371 367
371 368
371 369
371 370
442 385
385 384
384 376
376 373
376 374
376 375
384 377
384 383
383 381
381 378
381 379
381 380
383 382
442 411
411 410
410 409
409 386
409 408
408 394
394 393
393 392
392 390
390 387
390 388
390 389
392 391
408 397
397 396
396 395
408 407
407 406
406 405
405 403
403 398
403 399
403 400
403 401
403 402
405 404
442 422
422 421
421 420
420 415
415 412
415 413
415 414
420 419
419 418
418 417
417 416
442 433
433 432
432 431
431 426
426 423
426 424
426 425
431 430
430 429
429 428
428 427
442 441
441 440
440 439
439 437
437 434
437 435
437 436
439 438
447 446
446 445
445 444
37 450
270 450
81 451
296 451
24 452
233 452
142 453
372 453
110 454
325 454
181 455
419 455
31 456
240 456
34 457
243 457
134 458
364 458
205 459
446 459
49 460
255 460
100 461
315 461
200 462
441 462
153 463
383 463
